object fmMain: TfmMain
  Left = 0
  Top = 0
  Caption = #27298#26597#26805#25991#31243#24335
  ClientHeight = 480
  ClientWidth = 640
  FormFactor.Width = 320
  FormFactor.Height = 480
  FormFactor.Devices = [Desktop]
  DesignerMasterStyle = 0
  object Button1: TButton
    Position.X = 528.000000000000000000
    Position.Y = 424.000000000000000000
    Size.Width = 89.000000000000000000
    Size.Height = 33.000000000000000000
    Size.PlatformDefault = False
    TabOrder = 1
    Text = 'Button1'
  end
end
